lastAccountName: raid_Akshay
timestamps:
  login: 1544854231376
  logout: 1544864094420
ipAddress: 76.102.161.232
logoutlocation:
  world: world
  x: 28.123690827676917
  y: 78.0
  z: -1902.3656439101517
  yaw: 123.367615
  pitch: 47.744724
lastlocation:
  world: world
  x: -180.59051728443922
  y: 81.0
  z: -1958.3977989368657
  yaw: -234.52441
  pitch: 4.9753346
nickname: aheada
